5 0.21875 0.2744140625 0.33984375 0.140625
3 0.6318359375 0.28515625 0.291015625 0.1640625
1 0.224609375 0.4736328125 0.3984375 0.1484375
0 0.826171875 0.080078125 0.283203125 0.16015625
5 0.603515625 0.056640625 0.208984375 0.11328125
1 0.453125 0.0986328125 0.173828125 0.111328125
4 0.3447265625 0.0625 0.138671875 0.0859375
2 0.1533203125 0.0634765625 0.126953125 0.078125
3 0.2333984375 0.1064453125 0.115234375 0.107421875
2 0.267578125 0.7021484375 0.478515625 0.19140625
4 0.1767578125 0.8857421875 0.30859375 0.173828125
0 0.6962890625 0.6953125 0.400390625 0.19140625