5 0.21875 0.2744140625 0.337890625 0.1416015625
3 0.6318359375 0.28515625 0.2880859375 0.1640625
1 0.224609375 0.4736328125 0.396484375 0.1484375
0 0.826171875 0.080078125 0.28125 0.16015625
5 0.603515625 0.056640625 0.20703125 0.11328125
1 0.453125 0.0986328125 0.1708984375 0.111328125
4 0.3447265625 0.0625 0.1376953125 0.0849609375
2 0.1533203125 0.0634765625 0.125 0.0771484375
3 0.2333984375 0.1064453125 0.11328125 0.107421875
2 0.267578125 0.7021484375 0.4765625 0.1904296875
4 0.1767578125 0.8857421875 0.306640625 0.173828125
0 0.6962890625 0.6953125 0.3974609375 0.1904296875