5 0.7255859375 0.21875 0.142578125 0.337890625
3 0.71484375 0.6318359375 0.166015625 0.2890625
1 0.5263671875 0.224609375 0.150390625 0.396484375
0 0.9189453125 0.826171875 0.162109375 0.28125
5 0.9423828125 0.603515625 0.115234375 0.20703125
1 0.9013671875 0.453125 0.11328125 0.171875
4 0.9375 0.3447265625 0.087890625 0.13671875
2 0.9365234375 0.1533203125 0.080078125 0.125
3 0.8935546875 0.2333984375 0.109375 0.11328125
2 0.2978515625 0.267578125 0.193359375 0.4765625
4 0.1142578125 0.1767578125 0.17578125 0.306640625
0 0.3046875 0.6962890625 0.193359375 0.3984375